{
	"build": {
		"SDKCONFIGPATH": "$(MODDABLE)/contributed/modClock/sdkconfig",
		"PARTITIONS_FILE": "$(MODDABLE)/contributed/modClock/sdkconfig/partitions.csv"
	},
	"include": [
		"$(MODDABLE)/examples/manifest_base.json",
		"$(MODDABLE)/examples/manifest_net.json",
		"$(MODULES)/files/preference/manifest.json",
		"$(MODULES)/network/mdns/manifest.json",
		"$(MODULES)/pins/digital/monitor/manifest.json"
	],
	"creation": {
		"stack": 400,
		"static": 128000
	},
	"modules": {
		"*": [
			"$(MODULES)/drivers/neopixel/*",
			"./main",
			"./sevenseg",
			"./nice-colors",
			"./styles",
			"$(MODULES)/network/sntp/*",
			"$(MODULES)/network/http/*",
			"./web",
			"./update",
			"./prefs"
		],
		"piu/Timeline":"$(MODULES)/piu/All/piuTimeline",
		"net":"$(MODULES)/network/net/netmdns",
		"dns/server":"$(MODULES)/network/dns/dnsserver",
		"esp32/ota": "$(BUILD)/devices/esp32/modules/ota/*"
	},
	"preload": [
		"neopixel",
		"styles",
		"sevenseg",
		"nice-colors",
		"piu/Timeline",
		"sntp",
		"http",
		"preference",
		"net",
		"web",
		"update",
		"prefs",
		"dns/server",
		"esp32/ota"
	],
	"resources": {
		"*": [
			"./resources/favicon",
		]
	},
	"platforms": {
		"esp32": {
			"defines": {
				"neopixel": {
					"custom_rmt_driver": 1
				}
			},
			"modules": {
				"*": [
					"$(MODULES)/drivers/neopixel/esp32/*"
				]
			}
		},
		"...": {
			"error": "platform unsupported"
		}
	},
    "config": {
		"seven_segments": [
			{ "name": "Legacy",
			  "pin": 22,
			  "order": "RGB",
		      "segments": [
				[ [7,6],[5,4],[2,1],[13,0],[11,12],[8,9],[10,3] ],
				[ [21,20],[19,18],[16,15],[29,14],[26,28],[22,24],[25,17] ],
				[ [37,36],[35,34],[32,31],[43,30],[41,42],[38,39],[40,33] ],
				[ [51,50],[49,48],[46,45],[57,44],[55,56],[52,53],[54,47] ]
		      ],
   			  "colon": [23,27]
			},
			{ "name": "Legacy reversed",
			  "pin": 22,
			  "order": "RGB",
			  "segments": [
				[ [50,51],[52,53],[55,56],[44,57],[46,45],[49,48],[47,54] ],
				[ [36,37],[38,39],[41,42],[30,43],[32,31],[35,34],[33,40] ],
				[ [20,21],[22,24],[26,28],[14,29],[16,15],[19,18],[17,25] ],
				[ [6,7],[8,9],[11,12],[0,13],[2,1],[5,4],[3,10] ]
   	          ],
        	  "colon": [23,27]
			},
			{ "name": "MiniClock",
			  "pin": 23,
			  "order": "GRB",
			  "segments": [
				[ [13,0],[1,2],[4,5],[7,6],[9,8],[12,11],[10,3] ],
				[ [27,14],[15,16],[18,19],[21,20],[23,22],[26,25],[24,17] ],
				[ [43,30],[31,32],[34,35],[37,36],[39,38],[42,41],[40,33] ],
				[ [57,44],[45,46],[48,49],[51,50],[53,52],[56,55],[54,47] ]
			  ],
			  "colon": [28,29]
			}
		]
    }
}
